===============
4575355623
3325578426
7885165576
4871455658
3722545312
8362663832
5562743324
4165776412
1817813675
4255524632

1: 0
===============
5686466734
4436689537
8996276687
5982566769
4833656423
9473774943
6673854435
5276887523
2928924786
5366635743

2: 67
===============
8000000087
9000000000
0000000000
0000000000
0000000086
0000000074
0000000956
9800000834
4070077997
7599956854

3: 84
===============
0311111198
0311111111
2211111111
1111111111
1111111197
1111112295
3321113087
0032236086
7505500009
8800000096

4: 96
===============
1422222300
1422222344
3322222222
2222222344
2222222400
2222223600
4432224400
1143347300
8616611350
9911111209

5: 101
===============
2533333411
2533333455
4433333333
3333333455
3333333511
3333334711
5543335511
4464458411
0047722472
0042222320

6: 101
===============
3644444522
3644444566
5544444444
4444444566
4444444622
4444445822
6654446622
5575569522
1158833583
1153333431

7: 102
===============
4755555633
4755555677
6655555555
5555555677
5555555733
5555556933
7765568833
6686680733
2269955794
2264444542

8: 135
===============
5866666744
5866666788
7766666666
6789999998
7900000064
9000000074
0000000074
0000007085
5700099006
3498766874

9: 185
===============
9000000097
0000000000
0000000000
0000000000
0054444508
0421111296
2211122285
1111240396
6934500527
4600000095

10: 197
===============
0211111209
2211111222
1111111111
1111111122
1165555740
1532222500
3322233600
3332351600
8055611870
6821111208

11: 198
===============
1322222320
3322222344
2222222222
2222222233
2276666851
2643333611
4433344711
4443462711
9166722981
7932222319

12: 205
===============
2433333431
4433333455
3333333333
3333333344
3387777962
3754444722
5544456932
6654575053
0587835004
0053334650

13: 209
===============
3544444542
5544444566
4444444444
4444456665
4498890093
4865569063
6655569063
7765687274
1698946115
1164445761

14: 239
===============
4655555653
6655555677
5555555555
5678888887
6800004305
8000000485
0000000474
0000000585
5000099326
3509766872

15: 246
===============
5766666764
7766666788
6666666666
6789999998
7911115416
9111111596
1111111585
1111233796
6123500747
4620000093

16: 300
===============
9000000008
0000000000
0000000000
0000000000
0065559980
0532223900
3322224000
2222347000
7234613000
5731112407

17: 305
===============
0211111119
2211111111
1111111111
1111123432
1176670002
1643347042
4433336221
3333458111
8345724111
6842223518

18: 306
===============
1322222230
3322222233
2222222222
2222234543
2287781113
2754458153
5544447332
4444569222
9456835222
7953334629

19: 311
===============
2433333341
4433333344
3333333333
3333345654
3398892224
3865569264
6655569543
6655680433
0877957444
0074445740

20: 339
===============
3544444452
5544444455
4444444444
4567777765
5700006435
7000000575
0000000854
0000004644
4000099555
2409766851

21: 346
===============
4655555563
6655555566
5555555555
5678888876
6811117546
8111111686
1111111965
1111237855
5123500976
3520000072

22: 360
===============
5766666674
7766666677
6666666666
6789999987
7922229889
9222224000
2222236000
2222350000
6234624000
4631112406

23: 405
===============
9000000008
0000000000
0000000000
0000000000
0076670000
0643347443
4433347111
3333461111
7345735111
5742223517

24: 406
===============
0211111119
2211111111
1111111111
1111111111
1187781111
1754458554
5544458222
4444572222
8456846222
6853334628

25: 407
===============
1322222230
3322222233
2222222222
2222222222
2298892222
2865569665
6655569333
5555683333
9567957333
7964445739

26: 439
===============
2433333341
4433333344
3333333333
3456654333
4600006433
6000000976
0000000644
0000007544
0000099455
0009766850

27: 448
===============
3544444452
5544444455
4444444444
4567765444
5711118654
7111112097
1111123965
1111240855
1123500976
1120000071

28: 460
===============
4655555563
6655555566
5555555555
5678876555
6822229887
8222224400
2222236000
2222354000
2234613000
2231112405

29: 463
===============
5766666674
7766666677
6666666666
6789999987
7933340009
9333347832
3333347111
3333465111
3345724111
3342223516

30: 505
===============
9000000008
0000000000
0000000000
0000000000
0087784450
0754458954
5544458222
4444576222
4456835222
4453334627

31: 510
===============
0211111119
2211111111
1111111111
1111222111
1198908771
1865690075
6655580643
5555698433
5567946333
5564445738

32: 535
===============
1322222230
3322222233
2222222222
2345554322
3500050982
5000004286
0000005854
9000000644
7900099544
6798766849

33: 553
===============
2433333341
4433333344
3333333333
3456666654
4611162005
6111117709
2211117086
0421234965
0054500976
0000000070

34: 563
===============
3544444452
5544444455
4444444444
4567777765
5722273127
7222228940
3322229400
1532347000
1165613000
1111112404

35: 566
===============
4655555563
6655555566
5555555555
5678888876
6833396448
8333350061
4433350821
2643469211
2276724111
2222223515

36: 575
===============
5766666674
7766666677
6678999876
6790000097
7956800869
9444584382
5544473042
3754580532
3387846322
3333334626

37: 615
===============
9000000008
0000000000
0000000000
0005445700
0098912000
0865696706
7755584264
4865691643
4498957433
4444445737

38: 638
===============
0211111119
2211111111
1111111111
1239766811
2400054111
4000009817
0000008375
8000004754
6800099544
5678766848

39: 656
===============
1322222230
3322222233
2233322222
2350977922
3522277432
5111130059
1111140008
9111250007
7923500096
6790000079

40: 671
===============
2433333341
4433333344
3345544443
3462099043
4634499664
6222241180
3322251140
0532361250
0065611300
0002111300

41: 675
===============
3544444452
5544444455
4456777654
4573300354
5745700975
7333474391
4433362251
1643472361
1176722411
1113222411

42: 678
===============
4655555563
6655555566
5567888765
5684412686
6856812008
8444586704
5544473473
2754583472
2287833522
2224333522

43: 678
===============
5766666674
7766666677
6678999876
6795523797
7967923119
9555697815
6655584584
3865694583
3398944633
3335444633

44: 749
===============
9000000008
0000000000
0000000000
0000088000
0000088670
0000000068
0000000007
7000000006
5700099075
4569766854

45: 757
===============
0211111119
2211111111
1111111111
1111199111
1111199781
1111111179
1111111118
8111233217
6823500496
5680000075

46: 769
===============
1322222230
3322222233
2222344322
2222400643
2222400005
2222345600
2222222360
9222344450
7934611609
6791111297

47: 778
===============
2433333341
4433333344
3333455433
3333511754
3333511116
3333456711
4433333471
0643455572
0076722840
0003222400

48: 778
===============
3544444452
5544444455
4444566544
4444622865
4444622227
4444567822
5544444582
1754566683
1187833951
1114333511

49: 787
===============
4655555563
6655555566
5555677655
5555733976
5555745548
5555690064
6655580005
2865690006
2298957093
2225445732

50: 809
===============
5766666674
7766666677
6667899876
6679065097
6790098769
7900003175
9000004116
5000003228
4600099205
3459766954

51: 864
===============
9000000008
0000000000
0000000000
0000700900
0004400000
0042237609
0421115338
7211236439
5723500626
4570000075

52: 869
===============
0211111119
2211111111
1111112221
1111812021
1115512232
1153348730
1532226470
8322347560
6834611748
5681111186

53: 870
===============
1322222230
3322222233
2222223332
2222923132
2226623343
2264459841
2643337581
9433458671
7945722859
6792222297

54: 890
===============
2433333341
4433333344
3334444443
3334044243
3338856664
3375580083
4854470004
0854580006
0087846000
0004334600

55: 890
===============
3544444452
5544444455
4445555554
4445155354
4449967775
4486691194
5965581115
1965691117
1198957111
1115445711

56: 914
===============
4655555563
6655555566
5556666665
5568599786
5680000008
6800007607
8000005337
4000004228
3500099222
2349766822

57: 923
===============
5766666674
7766666677
6667899876
6679700997
6791233219
7911118718
9111116448
5111237439
4623500643
3460000043

58: 969
===============
9000000008
0000000000
0000000000
0000055000
0006555570
0053229850
0532227580
7322348560
5734611765
4571111154

59: 980
===============
0211111119
2211111111
1111111111
1111166111
1117678891
1164350092
1643360003
8433470004
6845735008
5682223486

60: 985
===============
1322222230
3322222233
2222222222
2222289543
2228790004
2275473505
2754471225
9544581115
7956846119
6793334597

61: 1000
===============
2433333341
4433333344
3333455433
3345700754
3340005215
3398906616
4965693336
0965692237
0098957350
0005445700

62: 1016
===============
3544444452
5544444455
4444566544
4456811865
4574326326
5700048727
7000006447
3000005348
2400099461
1239766811

63: 1023
===============
4655555563
6655555566
5555677655
5567922976
5685437437
6811159838
8111117558
4111238559
3523500882
2350000032

64: 1039
===============
5766666674
7766666677
6667899876
6679055097
6797670979
7922290090
9222250000
5222360000
4634624006
3461112364

65: 1089
===============
9000000008
0000000000
0000000000
0000900800
0000006000
0076704404
0643472222
7433471111
5745735117
4572223475

66: 1091
===============
0211111119
2211111111
1112221111
1112021911
1112227111
1187815515
1754583333
8544582222
6856846228
5683334586

67: 1093
===============
1322222230
3322222233
2223333332
2223133032
2223339332
2298926626
2865694444
9655693333
7967957339
6794445697

68: 1119
===============
2433333341
4433333344
3334444443
3334255243
3457660543
4600079837
6000007555
0000006455
0000099570
0009766800

69: 1137
===============
3544444452
5544444455
4445555554
4445366354
4568894864
5711200079
7111250008
1111250009
1123500003
1120000042

70: 1146
===============
4655555563
6655555566
5556666665
5568799686
5680007008
6834633400
8222361250
2222361130
2234611125
2231111153

71: 1149
===============
5766666674
7766666677
6667899876
6679900997
6791240319
7945755611
9333472361
3333472241
3345722236
3342222264

72: 1192
===============
9000000008
0000000000
0000000000
0000055000
0006562660
0087866733
0754583472
5544583352
4456833347
4453333375

73: 1193
===============
0211111119
2211111111
1111111111
1111166111
1117673771
1198977844
1865694583
6655694463
5567944458
5564444486

74: 1222
===============
1322222230
3322222233
2222222222
2234599443
2350009004
3500000008
4000000006
9000009895
7900086569
6798765597

75: 1246
===============
2433333341
4433333344
3333455433
3345700754
3461240315
4611122219
6211123438
0421240009
0054500000
0000000000

76: 1249
===============
3544444452
5544444455
4444566544
4456811865
4572351437
5722233340
7322234570
1532351130
1165611122
1111111111

77: 1249
===============
4655555563
6655555566
5555677655
5567922976
5683462548
6833344451
8433345681
2643462241
2276722233
2222222222

78: 1251
===============
5766666674
7766666677
6667899876
6679044097
6795684769
7944455562
9544456792
3754573352
3387833344
3333333333

79: 1298
===============
9000000008
0000000000
0000000000
0000589700
0009897000
0086569007
0965569005
5965685684
4498944455
4444444444

80: 1326
===============
0211111119
2211111111
1112344321
1124000021
1240000521
2400000418
3000000316
8000009895
6800086566
5678765555

81: 1334
===============
1322222230
3322222233
2223455432
2235111132
2351111632
3511111529
4111123748
9111240008
7911200009
6789999987

82: 1351
===============
2433333341
4433333344
3334566543
3346222243
3462222754
4622222650
6322234880
0532351140
0065644460
0000000000

83: 1351
===============
3544444452
5544444455
4445677654
4457333354
4573333865
5733333761
7433345991
1643462251
1176755571
1111111111

84: 1357
===============
4655555563
6655555566
5556788765
5568445686
5684446008
6844447005
8544458004
2754574583
2287866682
2222222222

85: 1357
===============
5766666674
7766666677
6667899876
6679556797
6795557119
7955558116
9655569115
3865685694
3398977793
3333333333

86: 1432
===============
9000000008
0000000000
0000000000
0000000000
0000000760
0000000538
0000000747
7000000007
5700000006
4567777765

87: 1433
===============
0211111119
2211111111
1111111111
1111111111
1111111871
1111111649
1111111858
8111111118
6811111117
5678888876

88: 1437
===============
1322222230
3322222233
2222222222
2222222222
2222222993
2222222770
2222222990
9222222240
7922222239
6789999987

89: 1457
===============
2433333341
4433333344
3333333333
3333334554
3333335006
3333336004
4433335003
0643334583
0076666680
0000000000

90: 1457
===============
3544444452
5544444455
4444444444
4444445665
4444446117
4444447115
5544446114
1754445694
1187777791
1111111111

91: 1462
===============
4655555563
6655555566
5555555555
5555556776
5555557228
5555558226
6655558446
2865569007
2298890004
2222234543

92: 1487
===============
5766666674
7766666677
6666666666
6678999987
6790000539
7900000637
9000000857
5000000318
4600004215
3456666654

93: 1532
===============
9000000008
0000000000
0000000000
0000000000
0005444980
0042111759
0421111968
7211111429
5711115326
4567777765

94: 1542
===============
0211111119
2211111111
1111111111
1111112332
1116557004
1153225000
1532224000
8322223770
6822226448
5678888876

95: 1543
===============
1322222230
3322222233
2222222222
2222223443
2227668115
2264336111
2643335111
9433334881
7933337559
6789999987

96: 1562
===============
2433333341
4433333344
3333333333
3333334554
3338779226
3375447222
4854447443
0854458005
0087780000
0000000000

97: 1563
===============
3544444452
5544444455
4444444444
4444456765
4449890437
4486569433
5965558554
1965569116
1198891111
1111111111

98: 1587
===============
4655555563
6655555566
5555555555
5567888876
5680004648
6800000744
8000000965
4000000427
3500005322
2345543222

99: 1588
===============
5766666674
7766666677
6666666666
6678999987
6791115759
7911112965
9111112086
5111112648
4611116433
3456654333

100: 1642
===============
9000000008
0000000000
0000000000
0000000000
0006560000
0053236000
0532224400
7322223880
5722227555
4567765444

101: 1643
===============
0211111119
2211111111
1111111111
1111111111
1117671111
1164347111
1643335511
8433334991
6833338666
5678876555

102: 1649
===============
1322222230
3322222233
2222222222
2222222222
2228782222
2275458222
2754447843
9544458004
7944450009
6789999987

103: 1663
===============
2433333341
4433333344
3333333333
3333333333
3339893333
3386569333
4965558954
0965569126
0098894450
0000000000

104: 1688
===============
3544444452
5544444455
4444444444
4456765444
4570007544
5700000754
7000000075
3000000547
2400008661
1234432111

105: 1688
===============
4655555563
6655555566
5555555555
5567876555
5681118655
6811111865
8111111186
4111111658
3511119772
2345543222

106: 1689
===============
5766666674
7766666677
6666666666
6678987666
6792229766
7922222976
9222222297
5222233869
4622230983
3456665433

107: 1747
===============
9000000008
0000000000
0000000000
0000000000
0007670000
0064346000
0643335800
7433346000
5733343007
4567777765

108: 1748
===============
0211111119
2211111111
1111111111
1111111111
1118781111
1175457111
1754446911
8544457111
6844454118
5678888876

109: 1750
===============
1322222230
3322222233
2222222222
2222222222
2229892222
2286569332
2865558032
9655569332
7955565229
6789999987

110: 1789
===============
2433333341
4433333344
3333333333
3345654333
3460006433
4600000643
6000000443
0000000754
0000000870
0000000000

111: 1789
===============
3544444452
5544444455
4444444444
4456765444
4571117544
5711111754
7111111554
1111111865
1111111981
1111111111

112: 1793
===============
4655555563
6655555566
5555555555
5567876555
5682228655
6822222865
8222223886
2222224008
2222224004
2222223443

113: 1793
===============
5766666674
7766666677
6666666666
6678987666
6793339766
7933333976
9333334997
3333335119
3333335115
3333334554

114: 1848
===============
9000000008
0000000000
0000000000
0000000000
0008780000
0075458000
0754447000
5544447460
4444446237
4444445665

115: 1849
===============
0211111119
2211111111
1111111111
1111111111
1119891111
1186569111
1865558111
6655558571
5555557348
5555556776

116: 1875
===============
1322222230
3322222233
2222222222
2234543222
2350005322
3500000422
4000000522
9000000982
7900000659
6789999987

117: 1893
===============
2433333341
4433333344
3333333333
3345654333
3461116433
4611111533
6211112854
0421113006
0054446000
0000000000

118: 1893
===============
3544444452
5544444455
4444444444
4456765444
4572227544
5722222644
7322223965
1532224117
1165557111
1111111111

119: 1894
===============
4655555563
6655555566
5555555555
5567876555
5683338655
6833334865
8433335086
2643336338
2276668222
2222222222

120: 1894
===============
5766666674
7766666677
6666666666
6678987666
6794449766
7944445976
9544446197
3754447449
3387779333
3333333333

121: 1949
===============
9000000008
0000000000
0000000000
0000000000
0009890000
0086569000
0965558500
5965569780
4498890555
4444455544

122: 1977
===============
0211111119
2211111111
1111111111
1123432111
1240004211
2400000421
3000000042
8000000002
6800005987
5678887655

123: 1980
===============
1322222230
3322222233
2222222222
2234543222
2351115322
3511111532
4111111153
9111112334
7911117009
6789999987

124: 1995
===============
2433333341
4433333344
3333333333
3345654333
3462226433
4622222643
6322222264
0532234556
0065560550
0000000000

125: 1995
===============
3544444452
5544444455
4444444444
4456765444
4573337544
5733333754
7433333375
1643345667
1176671661
1111111111

126: 1995
===============
4655555563
6655555566
5555555555
5567876555
5684448655
6844444865
8544444486
2754456778
2287782772
2222222222

127: 1995
===============
5766666674
7766666677
6666666666
6678987666
6795559766
7955555976
9655555597
3865567889
3398893883
3333333333

128: 2078
===============
9000000008
0000000000
0000000000
0000000000
0000000000
0000000000
0000000000
7000000000
5700009007
4567766665

129: 2080
===============
0211111119
2211111111
1111111111
1111111111
1111111111
1111111111
1111111111
8111122211
6811120218
5678888876

130: 2081
===============
1322222230
3322222233
2222222222
2222222222
2222222222
2222222222
2222222222
9222233322
7922231329
6789999987

131: 2095
===============
2433333341
4433333344
3333333333
3333333333
3333333333
3333333333
4433333333
0643344444
0076675770
0000000000

132: 2095
===============
3544444452
5544444455
4444444444
4444444444
4444444444
4444444444
5544444444
1754455555
1187786881
1111111111

133: 2095
===============
4655555563
6655555566
5555555555
5555555555
5555555555
5555555555
6655555555
2865566666
2298897992
2222222222

134: 2110
===============
5766666674
7766666677
6666666666
6666666666
6666666666
6666666666
8999999987
4000000009
4600000005
3456666654

135: 2179
===============
9000000008
0000000000
0000000000
0000000000
0000000000
0000000000
0000000000
7444444450
5711111127
4567777765

136: 2180
===============
0211111119
2211111111
1111111111
1111111111
1111111111
1111111111
1111111111
8555555561
6822222238
5678888876

137: 2181
===============
1322222230
3322222233
2222222222
2222222222
2222222222
2222222222
2222222222
9666666672
7933333349
6789999987

138: 2196
===============
2433333341
4433333344
3333333333
3333333333
3333333333
3333333333
5543333333
0097777794
0097777790
0000000000

139: 2210
===============
3544444452
5544444455
4444444444
4444444444
4444444444
4444444444
6777777765
1300000007
1300000003
1234444432

140: 2210
===============
4655555563
6655555566
5555555555
5555555555
5555555555
5555555555
7888888876
2411111118
2411111114
2345555543

141: 2210
===============
5766666674
7766666677
6666666666
6666666666
6666666666
6666666666
8999999987
3522222229
3522222225
3456666654

142: 2279
===============
9000000008
0000000000
0000000000
0000000000
0000000000
0000000000
0000000000
6966666670
4633333347
4567777765

143: 2281
===============
0211111119
2211111111
1111111111
1111111111
1111111111
1111111111
2221111111
8087777781
6854444458
5678888876

144: 2282
===============
1322222230
3322222233
2222222222
2222222222
2222222222
2222222222
3332222222
9198888892
7965555569
6789999987

145: 2310
===============
2433333341
4433333344
3333333333
3333333333
3333333333
3333333333
5666666654
0700000006
0000000000
0000000000

146: 2310
===============
3544444452
5544444455
4444444444
4444444444
4444444444
4444444444
6777777765
1811111117
1111111111
1111111111

147: 2310
===============
4655555563
6655555566
5555555555
5555555555
5555555555
5555555555
7888888876
2922222228
2222222222
2222222222

148: 2319
===============
5766666674
7766666677
6666666666
6666666666
6666666666
8999999876
0000000097
6076666549
4443333333
3333333333

149: 2380
===============
9000000008
0000000000
0000000000
0000000000
0000000000
0000000000
3444444500
7187777780
5554444455
4444444444

150: 2381
===============
0211111119
2211111111
1111111111
1111111111
1111111111
1111111111
4555555611
8298888891
6665555566
5555555555

151: 2394
===============
1322222230
3322222233
2222222222
2222222222
2222222222
2234555432
5790000053
9400000003
7899999998
6666666666

152: 2418
===============
2433333341
4433333344
3333333333
3333333333
3333333333
4566666543
9002111164
0075444446
0000000000
0000000000

153: 2419
===============
3544444452
5544444455
4444444444
4444444444
4444444444
6777777654
0213222275
2286555557
1111111111
1111111111

154: 2419
===============
4655555563
6655555566
5555555555
5555555555
5555555555
7888888765
1324333386
3397666668
2222222222
2222222222

155: 2420
===============
5766666674
7766666677
6666666666
6666666666
6666666666
8999999876
2546444497
4509777779
3444333333
3333333333

156: 2494
===============
9000000008
0000000000
0000000000
0000000000
0000000000
0000000000
6000000000
6850000000
4567777776
4444444444

157: 2495
===============
0211111119
2211111111
1111111111
1111111111
1111111111
1111111111
7111111111
7961111111
5678888887
5555555555

158: 2497
===============
1322222230
3322222233
2222222222
2222222222
2222222222
2222222222
9332222222
9082222222
7899999998
6666666666

159: 2520
===============
2433333341
4433333344
3333333333
3333333333
3333333333
4433333333
0754333333
0707666665
0000000000
0000000000

160: 2520
===============
3544444452
5544444455
4444444444
4444444444
4444444444
5544444444
1865444444
1818777776
1111111111
1111111111

161: 2520
===============
4655555563
6655555566
5555555555
5555555555
5555555555
6655555555
2976555555
2929888887
2222222222
2222222222

162: 2534
===============
5766666674
7766666677
6666666666
6666666666
6666666666
8999999876
5000000097
5080000009
4455666654
3333333333

163: 2595
===============
9000000008
0000000000
0000000000
0000000000
0000000000
0000000000
8444444500
6191111240
5566777776
4444444444

164: 2597
===============
0211111119
2211111111
1111111111
1111111111
1111111111
1111111111
9666555611
7303222351
6788888887
5555555555

165: 2599
===============
1322222230
3322222233
2222222222
2222222222
2222222222
3322222222
0877666722
9514333462
7899999998
6666666666

166: 2624
===============
2433333341
4433333344
3333333333
3333333333
3333333333
5654333333
4009777944
0089777906
0000000000
0000000000

167: 2635
===============
3544444452
5544444455
4444444444
4444444444
4444444444
6777777654
5240000075
1200000037
1234444321
1111111111

168: 2635
===============
4655555563
6655555566
5555555555
5555555555
5555555555
7888888765
6351111186
2311111148
2345555432
2222222222

169: 2635
===============
5766666674
7766666677
6666666666
6666666666
6666666666
8999999876
7462222297
3422222259
3456666543
3333333333

170: 2699
===============
9000000008
0000000000
0000000000
0000000000
0000000000
0000000000
0007666700
6854333490
4567777665
4444444444

171: 2701
===============
0211111119
2211111111
1111111111
1111111111
1111111111
1111111111
1118777922
7965444602
5678888887
5555555555

172: 2704
===============
1322222230
3322222233
2222222222
2222222222
2222222222
2222223332
3339889043
9086556823
7899999998
6666666666

173: 2735
===============
2433333341
4433333344
3333333333
3333333333
3333333333
3345666543
5670000464
0600000076
0000000000
0000000000

174: 2735
===============
3544444452
5544444455
4444444444
4444444444
4444444444
4456777654
6781111575
1711111187
1111111111
1111111111

175: 2735
===============
4655555563
6655555566
5555555555
5555555555
5555555555
5567888765
7892222686
2822222298
2222222222
2222222222

176: 2743
===============
5766666674
7766666677
6666666666
6666666666
6666666666
8999999998
0004333900
6064333500
4443333455
3333333333

177: 2802
===============
9000000008
0000000000
0000000000
0000000000
0000000000
0000000000
3448778053
7175445721
5554444566
4444444444

178: 2803
===============
0211111119
2211111111
1111111111
1111111111
1111111111
1111111111
4559889164
8286556832
6665555677
5555555555

179: 2814
===============
1322222230
3322222233
2222222222
2222222222
2222222222
2234554322
5790000585
9400000053
7899999998
6666666666

180: 2838
===============
2433333341
4433333344
3333333333
3333333333
3333333333
4566665433
9002111696
0075444496
0000000000
0000000000

181: 2841
===============
3544444452
5544444455
4444444444
4444444444
4444444444
6777776655
0213222909
2286555709
1111111222
1111111111

182: 2844
===============
4655555563
6655555566
5555555555
5555555555
5555555555
7888888887
1324334040
3397667940
2222222344
2222222222

183: 2846
===============
5766666674
7766666677
6666666666
6666666666
6666666666
8999999998
2546446261
4509779061
3444334565
3333333333

184: 2915
===============
9000000008
0000000000
0000000000
0000000000
0000000000
0000000000
6000000905
6850000483
4567777776
4444444444

185: 2918
===============
0211111119
2211111111
1111111111
1111111111
1111111111
1111112221
7111112037
7961112705
5678888998
5555555555

186: 2933
===============
1322222230
3322222233
2222222222
2222222222
2222222222
3322223332
0643224258
0006557058
9000000000
7899999998

187: 2944
===============
2433333341
4433333344
3333333333
3333333333
3333333333
4433334443
1754335369
2217668169
0544444443
0000000000

188: 2946
===============
3544444452
5544444455
4444444444
4444444444
4444444444
5544445565
2865446490
3328779290
1655555565
1111111111

189: 2949
===============
4655555563
6655555566
5555555555
5555555555
5555555555
6655556787
3976568803
4439890603
2766677887
2222222222

190: 2974
===============
5766666674
7766666677
6666666666
6666666666
7899999987
9000000009
6000000055
6790009055
3890000009
3345666654

191: 3030
===============
9000000008
0000000000
0000000000
0000000000
0000000000
0544444450
9432122277
9003120277
6003122220
5677777776

192: 3033
===============
0211111119
2211111111
1111111111
1111111111
1111111111
2755555561
0743233388
0314231388
8214233331
6788888887

193: 3034
===============
1322222230
3322222233
2222222222
2222222222
2222222222
3866666672
1854344499
1425342499
9325344442
7899999998

194: 3052
===============
2433333341
4433333344
3333333333
3333333333
3333333444
4977777906
2965455800
3636454900
0869789008
0000000000

195: 3075
===============
3544444452
5544444455
4444444444
4444444444
5677777765
7000000037
5000000041
5990000031
1990000429
1123443211

196: 3080
===============
4655555563
6655555566
5555555555
5555555555
6788888876
8111111148
7332111152
8003111153
4003111540
3455554333

197: 3080
===============
5766666674
7766666677
6666666666
6666666666
7899999987
9222222259
8443222263
9114222264
5114222651
4566665444

198: 3133
===============
9000000008
0000000000
0000000000
0000000000
0000000000
0866666700
0854333496
0425333375
7325333762
5677776555

199: 3135
===============
0211111119
2211111111
1111111111
1111111111
1111111111
1977777922
1965444608
1536444597
8436444873
6788887666

200: 3147
===============
1322222230
3322222233
2222222222
2222222222
3454323332
4000989054
4009656950
3868556900
9547556007
7899999998

201: 3180
===============
2433333341
4433333344
3333333333
3333333333
4566666543
5124000475
6350000081
7000000042
0000000760
0000000000

202: 3180
===============
3544444452
5544444455
4444444444
4444444444
5677777654
6235111586
7461111192
8111111153
1111111871
1111111111

203: 3182
===============
4655555563
6655555566
5555555555
5555555555
6788888876
7346222809
8572222405
9222222375
2222222982
2222222222

204: 3188
===============
5766666674
7766666677
6666666666
6666666666
7899999998
9557333920
0883333638
0533334708
4433334005
3333334554

205: 3243
===============
9000000008
0000000000
0000000000
0000000000
0000000000
0000878073
4007545859
2865445819
5544445116
4444445665

206: 3246
===============
0211111119
2211111111
1111111111
1111111111
1111111111
1111989195
5118656980
3976556940
6655556238
5555556776

207: 3270
===============
1322222230
3322222233
2222222222
2222222222
2223454433
2235000708
7460000003
6000000082
9000000659
7899999987

208: 3285
===============
2433333341
4433333344
3333333333
3333333333
3334565544
3346111819
8571111225
8211112406
0544445000
0000000000

209: 3286
===============
3544444452
5544444455
4444444444
4444444444
4445676666
4457222930
9682222347
9322223517
1655556111
1111111111

210: 3289
===============
4655555563
6655555566
5555555555
5555555555
5556788887
6668334051
0993334568
0633334628
3866667222
2222222222

211: 3294
===============
5766666674
7766666677
6666666666
6666666666
7899999998
9000545162
3007545679
2965445739
4977778333
3333333333

212: 3352
===============
9000000008
0000000000
0000000000
0000000000
0000000000
0544989708
6439656900
5009656970
7000989455
5676544444

213: 3371
===============
0211111119
2211111111
1111111111
1111111111
1112344321
1668000039
7560000052
6130000002
8124000987
6788887655

214: 3375
===============
1322222230
3322222233
2222222222
2222222222
2223455443
2779111150
8671111174
7241112334
9235112009
7899999987

215: 3388
===============
2433333341
4433333344
3333333333
3333333333
3345666554
3890322261
9793322285
9452223456
0779556450
0000000000

216: 3395
===============
3544444452
5544444455
4444444444
4444444444
5677777665
7003433372
0006433396
0995434567
2990767561
1122211111

217: 3400
===============
4655555563
6655555566
5555555555
5555555555
6788888776
8114544594
2338544508
3008545789
5003878672
3454322222

218: 3408
===============
5766666674
7766666677
6666666666
6666666666
7899999998
9225655707
3449656960
4119669000
6114990006
4565445654

219: 3475
===============
9000000008
0000000000
0000000000
0000000000
0000000000
0780000080
5680000003
5240000532
7238004217
5677777765

220: 3476
===============
0211111119
2211111111
1111111111
1111111111
1111111111
1891111191
6791111114
6351111643
8349115328
6788888876

221: 3489
===============
1322222230
3322222233
2222222222
2222222222
3443222333
4004222303
9004222336
8694322754
9580659649
7900000097

222: 3502
===============
2433333341
4433333344
3333333333
3333333333
4554333444
6215333414
0536333447
0007444976
0003770980
0042122300

223: 3506
===============
3544444452
5544444455
4444444444
4444444444
5665444555
7326444525
1647445779
1118557009
1114883003
1153234632

224: 3509
===============
4655555563
6655555566
5555555555
5555555555
6776555666
8437555758
2758556900
2229668240
2225994125
2264345743

225: 3525
===============
5766666674
7766666677
6666666666
6666666666
7899999987
9560000089
3890000031
3350000661
3349008336
3376677854

226: 3581
===============
9000000008
0000000000
0000000000
0000000000
0000000000
0006444500
7003111264
5693211772
4460219447
4498888965

227: 3591
===============
0211111119
2211111111
1111111111
1111111111
1111111111
1117555611
8225222375
6906333983
5806660868
5700000086

228: 3604
===============
1322222230
3322222233
2222222222
2222222222
2222222222
3328666833
0646334708
0037446008
9037773000
7921112400

229: 3607
===============
2433333341
4433333344
3333333333
3333333333
3333333333
4439777944
1757445819
2248557119
0458884111
0042223511

230: 3613
===============
3544444452
5544444455
4444444444
4444444444
4455556654
5550990086
2879669060
3359669350
1569995233
1153334622

231: 3630
===============
4655555563
6655555566
5555555555
5555555555
5567888765
7895004297
4000000371
5800000661
2800009444
2387766733

232: 3634
===============
5766666674
7766666677
6666666666
6666666666
7899999987
9007115409
6332111593
6911122872
3911120655
3498888944

233: 3698
===============
9000000008
0000000000
0000000000
0000000000
0000000000
0550659960
9664323907
9042235006
6065566008
5700000086

234: 3704
===============
0211111119
2211111111
1111111111
1111111111
1111123321
2761770091
0975447038
0353347227
8276677119
6811111197

235: 3712
===============
1322222230
3322222233
2222222222
2222222222
2222234543
4982881204
2096558270
2574458360
9387788360
7922222300

236: 3736
===============
2433333341
4433333344
3333333333
3333333333
4555566654
6008005415
5600000581
6000000771
0000000671
0076665511

237: 3736
===============
3544444452
5544444455
4444444444
4444444444
5666677765
7119116526
6711111692
7111111882
1111111782
1187776622

238: 3743
===============
4655555563
6655555566
5555555555
5555555555
6788888876
8230328858
7833324005
8222225006
2222224005
2298888954

239: 3749
===============
5766666674
7766666677
6666666666
6666666666
7899999987
9341439969
8944435116
9333336117
3456668326
3400000075

240: 3807
===============
9000000008
0000000000
0000000000
0000000000
0000000000
0006880000
0086558559
0754447228
5667779437
4511111186

241: 3811
===============
0211111119
2211111111
1111111111
1111111111
1111111111
1117991122
1197669680
1865569450
6778890659
5622233397

242: 3834
===============
1322222230
3322222233
2222222222
2222222222
2234543222
2350005333
3500000991
4000000772
9000004990
7966665500

243: 3843
===============
2433333341
4433333344
3333333333
3333333333
3345654333
3461117665
4611113004
6211114006
0421117003
0087777832

244: 3843
===============
3544444452
5544444455
4444444444
4444444444
4456765444
4572228776
5722224115
7322225117
1532228114
1198888943

245: 3850
===============
4655555563
6655555566
5555555555
5555555555
5567876555
5683339887
6833335226
8433347328
2766670535
2300000064

246: 3853
===============
5766666674
7766666677
6666666666
6666666666
6678999987
6794450009
7944458658
9544458439
3877781646
3411111175

247: 3913
===============
9000000008
0000000000
0000000000
0000000000
0000000000
0009894460
0096569790
0096569560
7009892768
5743222286

248: 3939
===============
0211111119
2211111111
1111111111
1111111111
1123432111
1240009892
1300000003
1300000005
8240008000
6866655600

249: 3943
===============
1322222230
3322222233
2222222222
2222222222
2234555543
2351120004
2411123435
2411111116
9351119111
7977766711

250: 3947
===============
2433333341
4433333344
3333333333
3333333333
3345666654
3462231115
3522234546
4622233327
0772230322
0098888922

251: 3955
===============
3544444452
5544444455
4444444444
4444444444
4456777765
4573342226
4633345657
6954344438
2007674643
2400000043

252: 3956
===============
4655555563
6655555566
5555555555
5555555555
5567888876
5684453337
6854456768
8075455549
4228785754
3511111154

253: 3958
===============
5766666674
7766666677
6666666666
6666666666
6678999987
6795564459
7965567890
9186566670
5339896876
4622222265

254: 4039
===============
9000000008
0000000000
0000000000
0000000000
0000000000
0000000000
0000000005
0700000004
7670000009
5745666697

255: 4043
===============
0211111119
2211111111
1111111111
1111111111
1111111111
1111111111
1111111116
1811111126
8781111240
6856777800

256: 4044
===============
1322222230
3322222233
2222222222
2222222222
2222222222
2222222222
2222222227
2922222237
9892222351
7967888911

257: 4056
===============
2433333341
4433333344
3333333333
3333333333
3333333333
3333333333
4443333338
6064333348
0007666672
0000000032

258: 4056
===============
3544444452
5544444455
4444444444
4444444444
4444444444
4444444444
5554444449
7175444459
1118777783
1111111143

259: 4059
===============
4655555563
6655555566
5555555555
5555555555
5555555555
5555555566
6665555570
8286555690
2229888906
2222222365

260: 4078
===============
5766666674
7766666677
6666666666
6666666666
6666666666
6789999998
7900000003
9500000003
3460000048
3345666686

261: 4139
===============
9000000008
0000000000
0000000000
0000000000
0000000000
0000000000
0054444446
0921111114
5671111159
4456777797

262: 4144
===============
0211111119
2211111111
1111111111
1111111111
1111111111
1111111111
2275555557
2042222236
7892222390
5567888900

263: 4154
===============
1322222230
3322222233
2222222222
2222222222
2222222222
2222222222
3386666668
4374333458
9007666702
7900000032

264: 4157
===============
2433333341
4433333344
3333333333
3333333333
3333333333
3333333333
4497777779
6585444569
0428777813
0021111143

265: 4178
===============
3544444452
5544444455
4444444444
4444444444
4444444444
4567777776
5700000000
7800000000
1660000066
1144555464

266: 4178
===============
4655555563
6655555566
5555555555
5555555555
5555555555
5678888887
6811111111
8911111111
2771111177
2255666575

267: 4184
===============
5766666674
7766666677
6666666666
6666666666
6666666666
8999999998
0042222222
0063222222
6003222288
4587777686

268: 4242
===============
9000000008
0000000000
0000000000
0000000000
0000000000
0000000000
3486666665
1174333333
7114333399
5698888797

269: 4253
===============
0211111119
2211111111
1111111111
1111111111
1111111111
1111111111
4597777776
2285444566
8348777800
6800000000

270: 4273
===============
1322222230
3322222233
2222222222
2222222222
2222222222
2345555543
5800000009
3500000009
9580000042
7923444321

271: 4280
===============
2433333341
4433333344
3333333333
3333333333
3333333333
3456666665
6911111130
6932111130
0002111164
0065555432

272: 4282
===============
3544444452
5544444455
4444444444
4444444444
4444444444
5677777776
9042222241
9063222241
2223222275
1176666543

273: 4284
===============
4655555563
6655555566
5555555555
5555555555
5555555555
7888888887
0353333352
0374333352
4434333386
2287777654

274: 4284
===============
5766666674
7766666677
6666666666
6666666666
6666666666
8999999998
1464444463
1485444463
5545444497
3398888765

275: 4372
===============
9000000008
0000000000
0000000000
0000000000
0000000000
0000000000
5000000008
3900000008
6900000000
4600000009

276: 4376
===============
0211111119
2211111111
1111111111
1111111111
1111111111
1111111111
7221111119
6031111119
9031111122
6821111120

277: 4381
===============
1322222230
3322222233
2222222222
2222222222
2222222222
2222222233
8332222240
8242222240
0352222244
9042222231

278: 4382
===============
2433333341
4433333344
3333333333
3333333333
3333333333
3333333344
9443333351
9353333351
2563333355
0253333342

279: 4384
===============
3544444452
5544444455
4444444444
4444444444
4444444444
5544444455
0754444462
0664444462
4774444466
1364444453

280: 4384
===============
4655555563
6655555566
5555555555
5555555555
5555555555
6655555566
1865555573
1775555573
5885555577
2475555564

281: 4384
===============
5766666674
7766666677
6666666666
6666666666
6666666666
7766666677
2976666684
2886666684
6996666688
3586666675

282: 4474
===============
9000000008
0000000000
0000000000
0000000000
0000000000
0000000000
7000000009
6000000009
9000000000
5900000009

283: 4480
===============
0211111119
2211111111
1111111111
1111111111
1111111111
1111111122
8111111130
8211111130
0321111133
8021111120

284: 4481
===============
1322222230
3322222233
2222222222
2222222222
2222222222
2222222233
9222222241
9322222241
1432222244
9132222231

285: 4484
===============
2433333341
4433333344
3333333333
3333333333
3333333333
4433333344
0533333352
0633333352
4743333355
0343333342

286: 4484
===============
3544444452
5544444455
4444444444
4444444444
4444444444
5544444455
1644444463
1744444463
5854444466
1454444453

287: 4484
===============
4655555563
6655555566
5555555555
5555555555
5555555555
6655555566
2755555574
2855555574
6965555577
2565555564

288: 4486
===============
5766666674
7766666677
6666666666
6666666666
6666666666
7766666677
4976666685
5086666685
9096666688
4786666675

289: 4578
===============
9000000008
0000000000
0000000000
0000000000
0000000000
0000000000
8000000000
8600000000
0600000000
7000000009

290: 4580
===============
0211111119
2211111111
1111111111
1111111111
1111111111
1111111111
9111111111
9711111111
1711111122
8111111120

291: 4586
===============
1322222230
3322222233
2222222222
2222222222
2222222222
3322222222
0532222222
0042222222
6042222233
0432222231

292: 4586
===============
2433333341
4433333344
3333333333
3333333333
3333333333
4433333333
1643333333
1153333333
7153333344
1543333342

293: 4586
===============
3544444452
5544444455
4444444444
4444444444
4444444444
5544444444
2754444444
2264444444
8264444455
2654444453

294: 4586
===============
4655555563
6655555566
5555555555
5555555555
5555555555
6655555555
3865555555
3375555555
9375555566
3765555564

295: 4587
===============
5766666674
7766666677
6666666666
6666666666
6666666666
7766666666
4976666666
5586666666
0586666677
5976666675

296: 4680
===============
9000000008
0000000000
0000000000
0000000000
0000000000
0000000000
9000000000
9000000000
4000000000
8000000009

297: 4684
===============
0211111119
2211111111
1111111111
1111111111
1111111111
2211111111
0311111111
0311111111
6211111122
9111111120

298: 4686
===============
1322222230
3322222233
2222222222
2222222222
2222222222
3322222222
1422222222
1422222222
8422222233
0322222231

299: 4686
===============
2433333341
4433333344
3333333333
3333333333
3333333333
4433333333
2533333333
2533333333
9533333344
1433333342

300: 4687
===============
3544444452
5544444455
4444444444
4444444444
4444444444
5544444444
3644444444
4744444444
0744444455
3644444453

301: 4687
===============
4655555563
6655555566
5555555555
5555555555
5555555555
6655555555
4755555555
5855555555
1855555566
4755555564

302: 4687
===============
5766666674
7766666677
6666666666
6666666666
6666666666
7766666666
5866666666
6966666666
2966666677
5866666675

303: 4782
===============
9000000008
0000000000
0000000000
0000000000
0000000000
0000000000
0000000000
0000000000
7000000000
8000000009

304: 4784
===============
0211111119
2211111111
1111111111
1111111111
1111111111
1111111111
1111111111
1111111111
8111111122
9111111120

305: 4787
===============
1322222230
3322222233
2222222222
2222222222
2222222222
2222222222
2222222222
3322222222
0422222233
0422222231

306: 4787
===============
2433333341
4433333344
3333333333
3333333333
3333333333
3333333333
3333333333
4433333333
1533333344
1533333342

307: 4787
===============
3544444452
5544444455
4444444444
4444444444
4444444444
4444444444
4444444444
5544444444
2644444455
2644444453

308: 4787
===============
4655555563
6655555566
5555555555
5555555555
5555555555
5555555555
5555555555
6655555555
3755555566
3755555564

309: 4787
===============
5766666674
7766666677
6666666666
6666666666
6666666666
6666666666
6666666666
7766666666
4866666677
4866666675

310: 4787
===============
6877777785
8877777788
7777777777
7777777777
7777777777
7777777777
7777777777
8877777777
5977777788
5977777786

311: 4885
===============
0000000009
0000000000
0000000000
0000000000
0000000000
0000000000
0000000000
0000000000
0000000000
9000000000

312: 4887
===============
1111111120
1111111122
1111111111
1111111111
1111111111
1111111111
1111111111
1111111111
2211111111
0211111111

313: 4887
===============
2222222231
2222222233
2222222222
2222222222
2222222222
2222222222
2222222222
2222222222
3322222222
1322222222

314: 4887
===============
3333333342
3333333344
3333333333
3333333333
3333333333
3333333333
3333333333
3333333333
4433333333
2433333333

315: 4887
===============
4444444453
4444444455
4444444444
4444444444
4444444444
4444444444
4444444444
4444444444
5544444444
3544444444

316: 4887
===============
5555555564
5555555566
5555555555
5555555555
5555555555
5555555555
5555555555
5555555555
6655555555
4655555555

317: 4887
===============
6666666675
6666666677
6666666666
6666666666
6666666666
6666666666
6666666666
6666666666
7766666666
5766666666

318: 4887
===============
7777777786
7777777788
7777777777
7777777777
7777777777
7777777777
7777777777
7777777777
8877777777
6877777777

319: 4887
===============
8888888897
8888888899
8888888888
8888888888
8888888888
8888888888
8888888888
8888888888
9988888888
7988888888

320: 4987
===============
0000000000
0000000000
0000000000
0000000000
0000000000
0000000000
0000000000
0000000000
0000000000
0000000000

4987
